<svg version="1.1" id="Layer_1" xmlns="http://www.w3.org/2000/svg" xmlns:xlink="http://www.w3.org/1999/xlink" x="0px" y="0px"
	 width="100%" viewBox="0 0 732 341" enable-background="new 0 0 732 341" xml:space="preserve">
<path fill="#000000" opacity="1.000000" stroke="none" 
	d="
M690.000000,342.000000 
	C460.053436,342.000000 230.606857,342.000000 1.080147,342.000000 
	C1.080147,228.413284 1.080147,114.826485 1.080147,1.119842 
	C244.999954,1.119842 488.999969,1.119842 732.994812,1.119842 
	C732.994812,114.726517 732.994812,228.363266 732.992188,342.000000 
	C718.826416,342.000000 704.663208,342.000000 690.000000,342.000000 
M69.860847,195.814117 
	C68.866768,194.960419 67.872688,194.106720 66.610519,193.022781 
	C65.273888,196.898483 64.207115,199.991714 62.943733,203.800018 
	C62.324726,206.200867 61.705719,208.601700 60.706623,211.688965 
	C60.362907,212.991577 60.019192,214.294205 59.579823,215.959335 
	C61.053345,215.887482 61.996082,215.841507 63.702110,215.955627 
	C64.473770,215.897522 65.245430,215.839417 66.867050,215.934540 
	C68.591934,215.891052 70.316811,215.847565 72.939018,215.953949 
	C75.955688,215.953949 78.972366,215.953949 82.810120,215.953949 
	C81.662460,213.084167 80.839638,211.026672 79.983704,208.246872 
	C79.414452,206.679611 78.845207,205.112335 78.259857,202.860855 
	C77.931961,202.026428 77.604057,201.192001 77.300781,199.830444 
	C77.234947,199.667343 77.169106,199.504227 77.050896,198.688004 
	C76.294365,196.817352 75.537834,194.946716 74.589828,192.602631 
	C72.762299,194.201874 71.542572,195.269226 69.860847,195.814117 
M77.347832,120.655510 
	C75.970039,120.863449 73.492393,120.845459 73.395622,121.316544 
	C72.830864,124.065834 72.451134,126.988808 72.882545,129.714874 
	C72.995132,130.426331 76.220070,130.645248 78.741920,131.131775 
	C81.933922,129.972610 83.234848,127.455704 82.188316,124.494820 
	C81.674873,123.042145 79.453758,122.193039 77.347832,120.655510 
M667.197815,204.046875 
	C665.380676,203.928879 663.558960,203.858627 661.747192,203.684357 
	C655.231995,203.057617 654.451477,203.679733 655.408325,210.220001 
	C655.619202,211.661057 657.377625,213.562454 658.804626,213.995499 
	C661.755798,214.891006 664.963379,214.941498 668.919800,215.689758 
	C673.308960,215.566315 677.698181,215.442871 682.884949,215.333832 
	C697.982300,212.750198 700.562439,199.218277 695.758362,191.450653 
	C692.966736,186.936920 687.434082,184.118393 682.681213,180.077988 
	C678.897095,177.815048 675.112976,175.552109 670.963318,172.756409 
	C670.643005,170.836533 670.322693,168.916656 670.787781,166.718689 
	C674.200989,166.302155 677.614136,165.885620 681.879333,165.740494 
	C684.512939,165.946655 687.155273,166.075714 689.778381,166.374069 
	C696.441528,167.131973 696.286926,167.161926 696.304260,160.519241 
	C696.312195,157.489746 695.362549,155.841400 692.285339,155.530930 
	C688.523193,155.151321 684.769165,154.691940 680.113708,154.053391 
	C676.743469,154.165955 673.373230,154.278519 669.261230,154.298004 
	C657.997803,156.782501 653.403503,162.612228 655.131958,172.698517 
	C656.568542,181.081329 663.092651,184.844177 670.334229,188.707886 
	C674.211609,191.171021 678.089050,193.634155 682.284241,196.773529 
	C684.212952,199.585709 683.075745,201.828079 680.040100,203.954483 
	C676.036194,204.060181 672.032227,204.165878 667.197815,204.046875 
M512.037659,203.280945 
	C507.688019,203.256912 503.338348,203.232895 498.517456,202.988495 
	C498.344666,203.003052 498.171875,203.017593 497.278412,202.782410 
	C496.104248,199.781311 493.977356,196.799927 493.914795,193.775833 
	C493.577789,177.487320 493.783600,161.188110 493.741516,144.892761 
	C493.713684,134.104050 495.016754,135.452393 483.665466,135.200760 
	C479.962341,135.118668 478.768402,136.405289 478.799896,140.111481 
	C478.953827,158.234711 478.780121,176.360565 478.900330,194.484314 
	C478.991882,208.290283 484.177460,213.910629 498.892700,215.915833 
	C503.272583,215.794952 507.652466,215.674072 512.851135,215.700485 
	C515.456604,215.388840 518.108215,215.274170 520.647705,214.680466 
	C521.873901,214.393799 523.532654,213.429916 523.894714,212.389572 
	C526.046448,206.207047 523.779358,203.155792 517.344055,203.195587 
	C515.876587,203.204666 514.410034,203.366837 512.037659,203.280945 
M558.839722,216.002640 
	C561.558533,215.662659 564.277405,215.322678 567.835632,215.065231 
	C570.451843,214.655579 573.056580,214.136200 575.686890,213.861237 
	C579.953796,213.415161 581.328125,211.313156 581.223755,206.942596 
	C580.915039,194.023239 581.113220,181.091782 581.113403,168.165054 
	C581.113464,156.110489 580.517822,155.513458 567.250549,154.689667 
	C562.828857,154.521378 558.407227,154.353088 553.181763,154.075562 
	C549.429871,155.306152 545.677979,156.536743 541.224243,157.868958 
	C536.160400,160.820984 532.922058,165.462463 532.302612,170.980057 
	C531.384033,179.163376 530.973328,187.520355 531.549133,195.718948 
	C532.035339,202.642853 535.249695,208.802185 542.345276,212.894669 
	C547.557068,213.883530 552.768799,214.872391 558.839722,216.002640 
M627.242065,154.773300 
	C622.132141,154.704483 617.022217,154.635666 611.160339,154.466919 
	C610.525574,153.567322 609.412659,152.702911 609.343384,151.761719 
	C609.112427,148.621246 609.291016,145.452789 609.248413,142.295914 
	C609.121216,132.870636 610.757874,133.878021 600.379395,133.519165 
	C595.786438,133.360352 594.866455,135.093536 594.908997,139.307236 
	C595.108765,159.080750 594.997864,178.857391 594.997864,198.632919 
	C594.997864,214.333008 594.997864,214.333008 611.659973,215.640915 
	C617.108887,215.348984 622.557800,215.057037 628.729980,214.772202 
	C637.646790,212.235931 643.342590,206.297592 644.150757,197.226044 
	C644.924438,188.541229 644.936340,179.605042 643.773315,170.982986 
	C642.616394,162.406372 636.675110,157.018921 627.242065,154.773300 
M235.971573,182.559204 
	C236.184006,174.355255 234.982727,166.459442 228.878891,160.437454 
	C220.790314,152.457336 210.369568,153.834824 199.971771,154.389557 
	C199.971771,150.469147 199.971771,146.833908 199.971756,143.198685 
	C199.971695,133.003296 199.975739,133.107117 189.573212,133.511444 
	C186.543442,133.629196 185.580429,134.673767 185.592117,137.668747 
	C185.684341,161.288956 185.676910,184.909775 185.599640,208.530075 
	C185.590637,211.279999 186.257950,213.035156 189.233643,213.351334 
	C197.302536,214.208633 205.380661,215.909607 213.431854,215.783951 
	C225.409851,215.597000 233.096985,208.353516 235.224823,196.439713 
	C235.977081,192.227753 235.751114,187.841064 235.971573,182.559204 
M140.512802,154.793610 
	C130.359756,157.326920 124.400284,163.901352 123.016609,174.123993 
	C122.218811,180.018143 121.973099,186.099503 122.416092,192.026566 
	C123.454941,205.925903 131.460373,214.787766 144.768494,215.726334 
	C153.416000,216.336227 162.198898,215.026154 170.936432,214.575500 
	C170.936432,209.941422 170.936432,206.554596 170.936432,202.902908 
	C163.416901,203.239746 156.289001,203.822144 149.162094,203.810028 
	C140.737595,203.795715 136.036102,198.260330 137.034378,189.858063 
	C147.636993,189.858063 158.275070,189.834137 168.912903,189.875748 
	C171.408051,189.885498 173.589447,189.865768 173.776031,186.470871 
	C175.057999,163.143600 162.690735,151.036087 140.512802,154.793610 
M347.341309,190.043839 
	C347.247223,185.216324 347.421600,180.365479 347.004242,175.566086 
	C346.080292,164.940613 339.208313,157.128937 329.123352,154.778870 
	C316.856873,151.920441 305.145660,155.510681 300.224457,165.008209 
	C293.748901,177.505493 294.571960,190.705841 299.371674,203.650757 
	C300.194519,205.869980 302.037903,207.920380 303.871338,209.519745 
	C312.715546,217.234863 322.930756,217.916016 333.293396,213.719086 
	C343.208313,209.703491 346.971710,201.208344 347.341309,190.043839 
M392.615936,215.050247 
	C393.448273,215.050308 394.280579,215.050644 395.112915,215.050385 
	C402.057800,215.048218 402.057037,215.048203 402.058838,207.937881 
	C402.061646,196.950928 401.835388,185.955719 402.228394,174.982712 
	C402.328613,172.183456 403.614471,168.219086 405.691681,166.909790 
	C414.149414,161.578705 423.121277,166.738235 423.171570,176.500748 
	C423.229858,187.820374 423.177582,199.140518 423.196777,210.460403 
	C423.200378,212.593872 422.801605,215.054077 426.169312,215.046432 
	C429.630859,215.038574 433.092438,215.044693 436.413177,215.044693 
	C436.796326,214.106537 437.139587,213.658234 437.139038,213.210358 
	C437.121918,199.231812 437.292816,185.247391 436.920959,171.277573 
	C436.763397,165.357315 433.601593,160.656998 428.554382,157.259857 
	C421.915192,152.791245 414.461517,153.952927 407.238556,154.099365 
	C396.268005,154.321793 388.299561,162.041351 387.992371,172.975067 
	C387.632507,185.783417 387.909851,198.608688 387.784729,211.425385 
	C387.756439,214.325363 388.966553,215.353714 392.615936,215.050247 
M104.760681,135.259521 
	C101.583443,134.942139 99.423996,135.486008 99.027504,139.481750 
	C97.813095,151.720200 96.288933,163.928513 94.827545,176.141632 
	C93.876335,184.091156 92.824585,192.028671 91.817871,199.971558 
	C84.027931,184.411179 79.416023,168.471329 82.027817,151.008942 
	C79.246429,151.008942 77.327019,151.008942 75.916550,151.008942 
	C71.291313,174.302551 80.371193,194.879898 87.373955,215.810059 
	C101.765770,216.947372 103.170761,215.905930 105.260887,201.933594 
	C108.137001,182.707016 111.082420,163.488052 113.657692,144.220322 
	C115.051399,133.792908 116.102722,135.416031 104.760681,135.259521 
M60.151215,154.010559 
	C62.105125,171.030045 56.676567,186.508087 50.290634,202.846786 
	C49.071186,193.032822 47.979843,184.300079 46.902283,175.565628 
	C45.395763,163.354095 43.977528,151.130463 42.287605,138.944443 
	C42.102829,137.612045 40.385284,135.461823 39.369648,135.456619 
	C35.361622,135.436111 31.347950,136.104752 27.353165,136.642487 
	C27.266068,136.654190 27.298126,138.169708 27.411772,138.964111 
	C30.660252,161.671371 33.894005,184.380844 37.209751,207.078323 
	C38.174198,213.680313 40.917339,215.965805 47.520844,216.068634 
	C49.824093,216.104507 52.128365,216.074356 54.327244,216.074356 
	C61.673149,194.694748 70.196281,173.984863 65.411392,149.796082 
	C63.537285,150.984634 61.844620,152.058136 60.151215,154.010559 
M280.783020,203.713181 
	C277.788483,203.813873 274.794128,203.993637 271.799408,203.999710 
	C264.278442,204.014954 260.588379,200.925629 260.095306,193.490356 
	C259.710815,187.692123 259.684387,181.818970 260.138733,176.029327 
	C260.696930,168.915436 264.177185,166.028702 271.261963,166.049530 
	C274.751526,166.059799 278.246155,166.536163 281.726532,166.425461 
	C283.183105,166.379120 285.905731,165.102203 285.849731,164.816010 
	C285.215454,161.575821 288.626892,156.308563 283.528961,155.397324 
	C276.936157,154.218872 269.941772,154.149200 263.263977,154.892792 
	C256.080841,155.692657 250.488907,160.130356 248.092804,167.091949 
	C243.918945,179.218689 243.848892,191.574432 248.457001,203.639633 
	C249.467499,206.285416 251.713043,208.666199 253.882034,210.623627 
	C260.103577,216.238403 277.321136,218.573212 284.179718,214.076889 
	C285.972534,212.901581 285.680481,208.264359 285.843903,205.190369 
	C285.868317,204.731415 283.121765,204.125153 280.783020,203.713181 
M374.092987,172.501617 
	C374.092987,169.672226 374.141296,166.841873 374.084290,164.013626 
	C373.874512,153.604080 376.078033,154.964661 364.354523,154.695007 
	C360.861389,154.614655 359.774139,155.763214 359.812073,159.271774 
	C359.979309,174.748367 359.814087,190.228210 359.908600,205.706024 
	C359.972229,216.125290 358.027802,214.854294 369.599060,215.101547 
	C373.132111,215.177063 374.200165,213.894592 374.155426,210.448471 
	C373.995575,198.134399 374.092957,185.817001 374.092987,172.501617 
M371.978973,133.003281 
	C369.005615,132.997757 366.003693,132.751633 363.072296,133.099472 
	C361.815887,133.248550 359.925171,134.431808 359.652802,135.488144 
	C357.392181,144.255676 359.405670,146.770447 368.233307,146.744400 
	C369.389435,146.740982 370.583344,146.896149 371.689545,146.655334 
	C372.566071,146.464523 374.063354,145.736282 374.038727,145.320496 
	C373.797150,141.242538 373.294159,137.180069 371.978973,133.003281 
M60.946064,135.735596 
	C60.586414,136.995071 60.226761,138.254547 59.646580,140.286285 
	C61.483788,140.602600 63.504780,140.950562 65.525772,141.298508 
	C65.704628,139.224854 65.883476,137.151215 66.062332,135.077560 
	C64.443993,135.082901 62.825657,135.088242 60.946064,135.735596 
z"/>
<path fill="#FBFBFB" opacity="1.000000" stroke="none" 
	d="
M235.971649,183.046677 
	C235.751114,187.841064 235.977081,192.227753 235.224823,196.439713 
	C233.096985,208.353516 225.409851,215.597000 213.431854,215.783951 
	C205.380661,215.909607 197.302536,214.208633 189.233643,213.351334 
	C186.257950,213.035156 185.590637,211.279999 185.599640,208.530075 
	C185.676910,184.909775 185.684341,161.288956 185.592117,137.668747 
	C185.580429,134.673767 186.543442,133.629196 189.573212,133.511444 
	C199.975739,133.107117 199.971695,133.003296 199.971756,143.198685 
	C199.971771,146.833908 199.971771,150.469147 199.971771,154.389557 
	C210.369568,153.834824 220.790314,152.457336 228.878891,160.437454 
	C234.982727,166.459442 236.184006,174.355255 235.971649,183.046677 
M221.695953,183.608368 
	C221.598984,167.345795 218.704712,164.692062 202.490952,166.038101 
	C201.708481,166.103073 200.941971,166.360443 200.209564,166.519211 
	C200.209564,179.031799 200.209564,191.286118 200.209564,204.336548 
	C203.882721,204.336548 207.342911,204.443710 210.794083,204.313141 
	C217.047760,204.076553 220.186539,201.304810 221.061340,194.986191 
	C221.538498,191.539856 221.501450,188.022354 221.695953,183.608368 
z"/>
<path fill="#FAFAFA" opacity="1.000000" stroke="none" 
	d="
M140.927170,154.693466 
	C162.690735,151.036087 175.057999,163.143600 173.776031,186.470871 
	C173.589447,189.865768 171.408051,189.885498 168.912903,189.875748 
	C158.275070,189.834137 147.636993,189.858063 137.034378,189.858063 
	C136.036102,198.260330 140.737595,203.795715 149.162094,203.810028 
	C156.289001,203.822144 163.416901,203.239746 170.936432,202.902908 
	C170.936432,206.554596 170.936432,209.941422 170.936432,214.575500 
	C162.198898,215.026154 153.416000,216.336227 144.768494,215.726334 
	C131.460373,214.787766 123.454941,205.925903 122.416092,192.026566 
	C121.973099,186.099503 122.218811,180.018143 123.016609,174.123993 
	C124.400284,163.901352 130.359756,157.326920 140.927170,154.693466 
M137.480148,179.773087 
	C144.610107,179.773087 151.740051,179.773087 158.838821,179.773087 
	C159.370850,171.491409 155.218063,166.300659 148.261047,166.149719 
	C141.109375,165.994553 136.721237,171.032059 137.480148,179.773087 
z"/>
<path fill="#FAFAFA" opacity="1.000000" stroke="none" 
	d="
M347.323792,190.492523 
	C346.971710,201.208344 343.208313,209.703491 333.293396,213.719086 
	C322.930756,217.916016 312.715546,217.234863 303.871338,209.519745 
	C302.037903,207.920380 300.194519,205.869980 299.371674,203.650757 
	C294.571960,190.705841 293.748901,177.505493 300.224457,165.008209 
	C305.145660,155.510681 316.856873,151.920441 329.123352,154.778870 
	C339.208313,157.128937 346.080292,164.940613 347.004242,175.566086 
	C347.421600,180.365479 347.247223,185.216324 347.323792,190.492523 
M332.929169,193.801163 
	C332.975159,188.320969 333.361786,182.817017 332.981354,177.366577 
	C332.500000,170.470337 328.047180,166.277710 321.946991,166.166519 
	C315.851715,166.055435 311.628662,169.615097 310.749176,176.515427 
	C310.123413,181.425125 310.058350,186.475769 310.385132,191.421066 
	C310.871857,198.786850 314.663269,203.136047 320.382263,203.821594 
	C326.116821,204.509018 329.846252,201.742203 332.929169,193.801163 
z"/>
<path fill="#FBFBFB" opacity="1.000000" stroke="none" 
	d="
M392.144592,215.049927 
	C388.966553,215.353714 387.756439,214.325363 387.784729,211.425385 
	C387.909851,198.608688 387.632507,185.783417 387.992371,172.975067 
	C388.299561,162.041351 396.268005,154.321793 407.238556,154.099365 
	C414.461517,153.952927 421.915192,152.791245 428.554382,157.259857 
	C433.601593,160.656998 436.763397,165.357315 436.920959,171.277573 
	C437.292816,185.247391 437.121918,199.231812 437.139038,213.210358 
	C437.139587,213.658234 436.796326,214.106537 436.413177,215.044693 
	C433.092438,215.044693 429.630859,215.038574 426.169312,215.046432 
	C422.801605,215.054077 423.200378,212.593872 423.196777,210.460403 
	C423.177582,199.140518 423.229858,187.820374 423.171570,176.500748 
	C423.121277,166.738235 414.149414,161.578705 405.691681,166.909790 
	C403.614471,168.219086 402.328613,172.183456 402.228394,174.982712 
	C401.835388,185.955719 402.061646,196.950928 402.058838,207.937881 
	C402.057037,215.048203 402.057800,215.048218 395.112915,215.050385 
	C394.280579,215.050644 393.448273,215.050308 392.144592,215.049927 
z"/>
<path fill="#F7F7F7" opacity="1.000000" stroke="none" 
	d="
M105.210426,135.259369 
	C116.102722,135.416031 115.051399,133.792908 113.657692,144.220322 
	C111.082420,163.488052 108.137001,182.707016 105.260887,201.933594 
	C103.170761,215.905930 101.765770,216.947372 87.373955,215.810059 
	C80.371193,194.879898 71.291313,174.302551 75.916550,151.008942 
	C77.327019,151.008942 79.246429,151.008942 82.027817,151.008942 
	C79.416023,168.471329 84.027931,184.411179 91.817871,199.971558 
	C92.824585,192.028671 93.876335,184.091156 94.827545,176.141632 
	C96.288933,163.928513 97.813095,151.720200 99.027504,139.481750 
	C99.423996,135.486008 101.583443,134.942139 105.210426,135.259369 
z"/>
<path fill="#F8F8F8" opacity="1.000000" stroke="none" 
	d="
M60.151581,153.571091 
	C61.844620,152.058136 63.537285,150.984634 65.411392,149.796082 
	C70.196281,173.984863 61.673149,194.694748 54.327244,216.074356 
	C52.128365,216.074356 49.824093,216.104507 47.520844,216.068634 
	C40.917339,215.965805 38.174198,213.680313 37.209751,207.078323 
	C33.894005,184.380844 30.660252,161.671371 27.411772,138.964111 
	C27.298126,138.169708 27.266068,136.654190 27.353165,136.642487 
	C31.347950,136.104752 35.361622,135.436111 39.369648,135.456619 
	C40.385284,135.461823 42.102829,137.612045 42.287605,138.944443 
	C43.977528,151.130463 45.395763,163.354095 46.902283,175.565628 
	C47.979843,184.300079 49.071186,193.032822 50.290634,202.846786 
	C56.676567,186.508087 62.105125,171.030045 60.151581,153.571091 
z"/>
<path fill="#FAFAFA" opacity="1.000000" stroke="none" 
	d="
M281.220062,203.650116 
	C283.121765,204.125153 285.868317,204.731415 285.843903,205.190369 
	C285.680481,208.264359 285.972534,212.901581 284.179718,214.076889 
	C277.321136,218.573212 260.103577,216.238403 253.882034,210.623627 
	C251.713043,208.666199 249.467499,206.285416 248.457001,203.639633 
	C243.848892,191.574432 243.918945,179.218689 248.092804,167.091949 
	C250.488907,160.130356 256.080841,155.692657 263.263977,154.892792 
	C269.941772,154.149200 276.936157,154.218872 283.528961,155.397324 
	C288.626892,156.308563 285.215454,161.575821 285.849731,164.816010 
	C285.905731,165.102203 283.183105,166.379120 281.726532,166.425461 
	C278.246155,166.536163 274.751526,166.059799 271.261963,166.049530 
	C264.177185,166.028702 260.696930,168.915436 260.138733,176.029327 
	C259.684387,181.818970 259.710815,187.692123 260.095306,193.490356 
	C260.588379,200.925629 264.278442,204.014954 271.799408,203.999710 
	C274.794128,203.993637 277.788483,203.813873 281.220062,203.650116 
z"/>
<path fill="#03C9F5" opacity="1.000000" stroke="none" 
	d="
M497.983093,215.686691 
	C484.177460,213.910629 478.991882,208.290283 478.900330,194.484314 
	C478.780121,176.360565 478.953827,158.234711 478.799896,140.111481 
	C478.768402,136.405289 479.962341,135.118668 483.665466,135.200760 
	C495.016754,135.452393 493.713684,134.104050 493.741516,144.892761 
	C493.783600,161.188110 493.577789,177.487320 493.914795,193.775833 
	C493.977356,196.799927 496.104248,199.781311 497.645752,203.136902 
	C498.013123,203.491409 498.030731,203.950607 498.021423,204.409882 
	C498.002441,208.474991 497.992767,212.080841 497.983093,215.686691 
z"/>
<path fill="#616AF7" opacity="1.000000" stroke="none" 
	d="
M610.951416,215.218719 
	C594.997864,214.333008 594.997864,214.333008 594.997864,198.632919 
	C594.997864,178.857391 595.108765,159.080750 594.908997,139.307236 
	C594.866455,135.093536 595.786438,133.360352 600.379395,133.519165 
	C610.757874,133.878021 609.121216,132.870636 609.248413,142.295914 
	C609.291016,145.452789 609.112427,148.621246 609.343384,151.761719 
	C609.412659,152.702911 610.525574,153.567322 611.559143,154.974060 
	C611.637329,158.948120 611.316711,162.415024 610.629761,166.046844 
	C609.936707,166.746170 609.328003,167.278870 609.324768,167.815201 
	C609.257080,179.069687 609.219116,190.324905 609.320984,201.578674 
	C609.328796,202.450272 610.412720,203.312103 610.997986,204.629028 
	C610.983459,208.459305 610.967407,211.839005 610.951416,215.218719 
z"/>
<path fill="#FFFFFF" opacity="1.000000" stroke="none" 
	d="
M374.092987,173.001236 
	C374.092957,185.817001 373.995575,198.134399 374.155426,210.448471 
	C374.200165,213.894592 373.132111,215.177063 369.599060,215.101547 
	C358.027802,214.854294 359.972229,216.125290 359.908600,205.706024 
	C359.814087,190.228210 359.979309,174.748367 359.812073,159.271774 
	C359.774139,155.763214 360.861389,154.614655 364.354523,154.695007 
	C376.078033,154.964661 373.874512,153.604080 374.084290,164.013626 
	C374.141296,166.841873 374.092987,169.672226 374.092987,173.001236 
z"/>
<path fill="#4984F8" opacity="1.000000" stroke="none" 
	d="
M567.994507,155.018356 
	C580.517822,155.513458 581.113464,156.110489 581.113403,168.165054 
	C581.113220,181.091782 580.915039,194.023239 581.223755,206.942596 
	C581.328125,211.313156 579.953796,213.415161 575.686890,213.861237 
	C573.056580,214.136200 570.451843,214.655579 567.416382,214.560333 
	C566.948608,210.600418 566.900146,207.145386 566.858398,203.242310 
	C566.854126,190.643814 566.843140,178.493378 566.878601,165.876663 
	C567.281494,161.946381 567.638000,158.482361 567.994507,155.018356 
z"/>
<path fill="#7C4CF5" opacity="1.000000" stroke="none" 
	d="
M628.001831,155.112671 
	C636.675110,157.018921 642.616394,162.406372 643.773315,170.982986 
	C644.936340,179.605042 644.924438,188.541229 644.150757,197.226044 
	C643.342590,206.297592 637.646790,212.235931 628.366943,214.325195 
	C627.604492,210.092468 627.205078,206.306763 626.967285,202.231018 
	C633.431641,190.856750 632.361816,179.610687 627.905640,167.810532 
	C627.963135,163.258636 627.982483,159.185654 628.001831,155.112671 
z"/>
<path fill="#2BA2F7" opacity="1.000000" stroke="none" 
	d="
M541.884277,212.370682 
	C535.249695,208.802185 532.035339,202.642853 531.549133,195.718948 
	C530.973328,187.520355 531.384033,179.163376 532.302612,170.980057 
	C532.922058,165.462463 536.160400,160.820984 541.597168,158.298157 
	C541.941528,176.608459 541.912903,194.489563 541.884277,212.370682 
z"/>
<path fill="#3299F6" opacity="1.000000" stroke="none" 
	d="
M542.114746,212.632675 
	C541.912903,194.489563 541.941528,176.608459 541.948120,158.247345 
	C545.677979,156.536743 549.429871,155.306152 553.588989,154.521271 
	C553.991455,158.520981 553.986694,162.074997 553.638062,165.769928 
	C548.699402,167.038010 546.190491,170.162048 545.814270,174.673264 
	C545.349182,180.249435 545.025208,185.879181 545.246887,191.461685 
	C545.649231,201.597000 547.862915,203.653732 557.991089,204.946320 
	C557.987732,208.868759 557.984131,212.365005 557.980591,215.861252 
	C552.768799,214.872391 547.557068,213.883530 542.114746,212.632675 
z"/>
<path fill="#A71EF3" opacity="1.000000" stroke="none" 
	d="
M683.134888,180.537048 
	C687.434082,184.118393 692.966736,186.936920 695.758362,191.450653 
	C700.562439,199.218277 697.982300,212.750198 682.461243,214.858124 
	C681.679016,210.884598 681.320435,207.386765 680.961914,203.888931 
	C683.075745,201.828079 684.212952,199.585709 682.135803,195.967148 
	C682.369873,190.286194 682.752380,185.411621 683.134888,180.537048 
z"/>
<path fill="#9233F2" opacity="1.000000" stroke="none" 
	d="
M670.002441,166.996780 
	C670.322693,168.916656 670.643005,170.836533 670.958801,173.459198 
	C670.618103,178.832611 670.281921,183.503250 669.945740,188.173874 
	C663.092651,184.844177 656.568542,181.081329 655.131958,172.698517 
	C653.403503,162.612228 657.997803,156.782501 669.632080,154.781677 
	C670.002808,159.175827 670.002625,163.086304 670.002441,166.996780 
z"/>
<path fill="#F7F7F7" opacity="1.000000" stroke="none" 
	d="
M372.422180,133.058228 
	C373.294159,137.180069 373.797150,141.242538 374.038727,145.320496 
	C374.063354,145.736282 372.566071,146.464523 371.689545,146.655334 
	C370.583344,146.896149 369.389435,146.740982 368.233307,146.744400 
	C359.405670,146.770447 357.392181,144.255676 359.652802,135.488144 
	C359.925171,134.431808 361.815887,133.248550 363.072296,133.099472 
	C366.003693,132.751633 369.005615,132.997757 372.422180,133.058228 
z"/>
<path fill="#6D58F0" opacity="1.000000" stroke="none" 
	d="
M626.805664,202.521057 
	C627.205078,206.306763 627.604492,210.092468 628.005371,214.321640 
	C622.557800,215.057037 617.108887,215.348984 611.305664,215.429810 
	C610.967407,211.839005 610.983459,208.459305 611.460205,204.581146 
	C616.882507,203.562149 621.844116,203.041595 626.805664,202.521057 
z"/>
<path fill="#6D58F0" opacity="1.000000" stroke="none" 
	d="
M627.621948,154.942993 
	C627.982483,159.185654 627.963135,163.258636 627.555298,167.646530 
	C621.776611,167.268280 616.386353,166.575104 610.996094,165.881927 
	C611.316711,162.415024 611.637329,158.948120 611.935120,155.024017 
	C617.022217,154.635666 622.132141,154.704483 627.621948,154.942993 
z"/>
<path fill="#9D28F3" opacity="1.000000" stroke="none" 
	d="
M670.140015,188.440887 
	C670.281921,183.503250 670.618103,178.832611 671.141602,173.725586 
	C675.112976,175.552109 678.897095,177.815048 682.908020,180.307526 
	C682.752380,185.411621 682.369873,190.286194 681.976929,195.629028 
	C678.089050,193.634155 674.211609,191.171021 670.140015,188.440887 
z"/>
<path fill="#0FBFFA" opacity="1.000000" stroke="none" 
	d="
M498.437927,215.801270 
	C497.992767,212.080841 498.002441,208.474991 498.219116,204.341614 
	C498.686066,203.679688 498.873596,203.477951 498.988708,203.208862 
	C503.338348,203.232895 507.688019,203.256912 512.505920,203.794174 
	C512.660217,208.056000 512.346252,211.804581 512.032349,215.553177 
	C507.652466,215.674072 503.272583,215.794952 498.437927,215.801270 
z"/>
<path fill="#A71EF3" opacity="1.000000" stroke="none" 
	d="
M681.011597,154.267059 
	C684.769165,154.691940 688.523193,155.151321 692.285339,155.530930 
	C695.362549,155.841400 696.312195,157.489746 696.304260,160.519241 
	C696.286926,167.161926 696.441528,167.131973 689.778381,166.374069 
	C687.155273,166.075714 684.512939,165.946655 681.444885,165.183899 
	C681.010803,161.173904 681.011230,157.720474 681.011597,154.267059 
z"/>
<path fill="#9D28F3" opacity="1.000000" stroke="none" 
	d="
M680.500977,203.921707 
	C681.320435,207.386765 681.679016,210.884598 682.062439,214.850922 
	C677.698181,215.442871 673.308960,215.566315 668.469360,215.103851 
	C668.022095,211.102493 668.025208,207.687042 668.028320,204.271576 
	C672.032227,204.165878 676.036194,204.060181 680.500977,203.921707 
z"/>
<path fill="#3C89EE" opacity="1.000000" stroke="none" 
	d="
M553.981934,165.628998 
	C553.986694,162.074997 553.991455,158.520981 553.990845,154.575882 
	C558.407227,154.353088 562.828857,154.521378 567.622559,154.854004 
	C567.638000,158.482361 567.281494,161.946381 566.431580,165.797943 
	C561.952759,166.000015 557.967346,165.814514 553.981934,165.628998 
z"/>
<path fill="#8A31E6" opacity="1.000000" stroke="none" 
	d="
M667.613037,204.159225 
	C668.025208,207.687042 668.022095,211.102493 668.042236,214.928741 
	C664.963379,214.941498 661.755798,214.891006 658.804626,213.995499 
	C657.377625,213.562454 655.619202,211.661057 655.408325,210.220001 
	C654.451477,203.679733 655.231995,203.057617 661.747192,203.684357 
	C663.558960,203.858627 665.380676,203.928879 667.613037,204.159225 
z"/>
<path fill="#19A9E7" opacity="1.000000" stroke="none" 
	d="
M512.441772,215.626831 
	C512.346252,211.804581 512.660217,208.056000 512.958618,203.882980 
	C514.410034,203.366837 515.876587,203.204666 517.344055,203.195587 
	C523.779358,203.155792 526.046448,206.207047 523.894714,212.389572 
	C523.532654,213.429916 521.873901,214.393799 520.647705,214.680466 
	C518.108215,215.274170 515.456604,215.388840 512.441772,215.626831 
z"/>
<path fill="#9D28F3" opacity="1.000000" stroke="none" 
	d="
M680.562622,154.160217 
	C681.011230,157.720474 681.010803,161.173904 681.018921,165.048203 
	C677.614136,165.885620 674.200989,166.302155 670.395142,166.857727 
	C670.002625,163.086304 670.002808,159.175827 670.002991,154.828217 
	C673.373230,154.278519 676.743469,154.165955 680.562622,154.160217 
z"/>
<path fill="#3C89EE" opacity="1.000000" stroke="none" 
	d="
M558.410156,215.931946 
	C557.984131,212.365005 557.987732,208.868759 558.428955,204.853241 
	C561.528259,204.119415 564.189941,203.904877 566.851685,203.690338 
	C566.900146,207.145386 566.948608,210.600418 566.996643,214.519073 
	C564.277405,215.322678 561.558533,215.662659 558.410156,215.931946 
z"/>
<path fill="#616AF7" opacity="1.000000" stroke="none" 
	d="
M78.275970,203.545074 
	C78.845207,205.112335 79.414452,206.679611 79.702881,208.759308 
	C76.961945,211.449188 74.501816,213.626617 72.041695,215.804062 
	C70.316811,215.847565 68.591934,215.891052 66.609642,215.583099 
	C70.326813,211.336121 74.301392,207.440598 78.275970,203.545074 
z"/>
<path fill="#3299F6" opacity="1.000000" stroke="none" 
	d="
M77.103264,199.341110 
	C77.169106,199.504227 77.234947,199.667343 77.136604,200.452713 
	C74.870216,203.103271 72.690384,205.058121 70.684975,207.177979 
	C68.031479,209.982925 65.514488,212.916977 62.938820,215.795532 
	C61.996082,215.841507 61.053345,215.887482 59.579823,215.959335 
	C60.019192,214.294205 60.362907,212.991577 61.236412,211.307281 
	C65.525513,207.238495 69.284821,203.551376 73.458061,199.875626 
	C74.949081,199.705048 76.026176,199.523071 77.103264,199.341110 
z"/>
<path fill="#4984F8" opacity="1.000000" stroke="none" 
	d="
M78.015579,131.090378 
	C76.220070,130.645248 72.995132,130.426331 72.882545,129.714874 
	C72.451134,126.988808 72.830864,124.065834 73.395622,121.316544 
	C73.492393,120.845459 75.970039,120.863449 77.677292,121.314285 
	C78.009689,125.012161 78.012634,128.051270 78.015579,131.090378 
z"/>
<path fill="#4984F8" opacity="1.000000" stroke="none" 
	d="
M63.320465,215.875580 
	C65.514488,212.916977 68.031479,209.982925 70.684975,207.177979 
	C72.690384,205.058121 74.870216,203.103271 77.124298,200.716278 
	C77.604057,201.192001 77.931961,202.026428 78.267914,203.202972 
	C74.301392,207.440598 70.326813,211.336121 66.184662,215.506470 
	C65.245430,215.839417 64.473770,215.897522 63.320465,215.875580 
z"/>
<path fill="#2BA2F7" opacity="1.000000" stroke="none" 
	d="
M73.044128,199.864243 
	C69.284821,203.551376 65.525513,207.238495 61.426460,210.964081 
	C61.705719,208.601700 62.324726,206.200867 63.333946,203.574036 
	C66.344551,201.826904 68.964943,200.305756 71.809708,198.851776 
	C72.370766,199.234055 72.707443,199.549149 73.044128,199.864243 
z"/>
<path fill="#6D58F0" opacity="1.000000" stroke="none" 
	d="
M61.076691,135.414581 
	C62.825657,135.088242 64.443993,135.082901 66.062332,135.077560 
	C65.883476,137.151215 65.704628,139.224854 65.525772,141.298508 
	C63.504780,140.950562 61.483788,140.602600 59.646580,140.286285 
	C60.226761,138.254547 60.586414,136.995071 61.076691,135.414581 
z"/>
<path fill="#03C9F5" opacity="1.000000" stroke="none" 
	d="
M71.585342,198.784607 
	C68.964943,200.305756 66.344551,201.826904 63.432251,203.216492 
	C64.207115,199.991714 65.273888,196.898483 66.610519,193.022781 
	C67.872688,194.106720 68.866768,194.960419 70.052078,196.364639 
	C70.690659,197.538315 71.138000,198.161469 71.585342,198.784607 
z"/>
<path fill="#8A31E6" opacity="1.000000" stroke="none" 
	d="
M78.378754,131.111084 
	C78.012634,128.051270 78.009689,125.012161 78.006104,121.521912 
	C79.453758,122.193039 81.674873,123.042145 82.188316,124.494820 
	C83.234848,127.455704 81.933922,129.972610 78.378754,131.111084 
z"/>
<path fill="#8A31E6" opacity="1.000000" stroke="none" 
	d="
M72.490356,215.878998 
	C74.501816,213.626617 76.961945,211.449188 79.719437,209.120453 
	C80.839638,211.026672 81.662460,213.084167 82.810120,215.953949 
	C78.972366,215.953949 75.955688,215.953949 72.490356,215.878998 
z"/>
<path fill="#961889" opacity="1.000000" stroke="none" 
	d="
M71.809723,198.851791 
	C71.138000,198.161469 70.690659,197.538315 70.283081,196.625870 
	C71.542572,195.269226 72.762299,194.201874 74.589828,192.602631 
	C75.537834,194.946716 76.294365,196.817352 77.077080,199.014557 
	C76.026176,199.523071 74.949081,199.705048 73.458061,199.875626 
	C72.707443,199.549149 72.370766,199.234055 71.809723,198.851791 
z"/>
<path fill="#19A9E7" opacity="1.000000" stroke="none" 
	d="
M498.753082,203.098679 
	C498.873596,203.477951 498.686066,203.679688 498.228394,203.882339 
	C498.030731,203.950607 498.013123,203.491409 498.006104,203.261765 
	C498.171875,203.017593 498.344666,203.003052 498.753082,203.098679 
z"/>
<path fill="#030303" opacity="1.000000" stroke="none" 
	d="
M221.696136,184.072662 
	C221.501450,188.022354 221.538498,191.539856 221.061340,194.986191 
	C220.186539,201.304810 217.047760,204.076553 210.794083,204.313141 
	C207.342911,204.443710 203.882721,204.336548 200.209564,204.336548 
	C200.209564,191.286118 200.209564,179.031799 200.209564,166.519211 
	C200.941971,166.360443 201.708481,166.103073 202.490952,166.038101 
	C218.704712,164.692062 221.598984,167.345795 221.696136,184.072662 
z"/>
<path fill="#0C0C0C" opacity="1.000000" stroke="none" 
	d="
M137.147217,179.531738 
	C136.721237,171.032059 141.109375,165.994553 148.261047,166.149719 
	C155.218063,166.300659 159.370850,171.491409 158.838821,179.773087 
	C151.740051,179.773087 144.610107,179.773087 137.147217,179.531738 
z"/>
<path fill="#050505" opacity="1.000000" stroke="none" 
	d="
M332.842957,194.221161 
	C329.846252,201.742203 326.116821,204.509018 320.382263,203.821594 
	C314.663269,203.136047 310.871857,198.786850 310.385132,191.421066 
	C310.058350,186.475769 310.123413,181.425125 310.749176,176.515427 
	C311.628662,169.615097 315.851715,166.055435 321.946991,166.166519 
	C328.047180,166.277710 332.500000,170.470337 332.981354,177.366577 
	C333.361786,182.817017 332.975159,188.320969 332.842957,194.221161 
z"/>
<path fill="#030207" opacity="1.000000" stroke="none" 
	d="
M610.629761,166.046844 
	C616.386353,166.575104 621.776611,167.268280 627.517212,168.125443 
	C632.361816,179.610687 633.431641,190.856750 626.967285,202.231018 
	C621.844116,203.041595 616.882507,203.562149 611.458740,204.130585 
	C610.412720,203.312103 609.328796,202.450272 609.320984,201.578674 
	C609.219116,190.324905 609.257080,179.069687 609.324768,167.815201 
	C609.328003,167.278870 609.936707,166.746170 610.629761,166.046844 
z"/>
<path fill="#010305" opacity="1.000000" stroke="none" 
	d="
M566.858337,203.242294 
	C564.189941,203.904877 561.528259,204.119415 558.428711,204.427048 
	C547.862915,203.653732 545.649231,201.597000 545.246887,191.461685 
	C545.025208,185.879181 545.349182,180.249435 545.814270,174.673264 
	C546.190491,170.162048 548.699402,167.038010 553.638000,165.769928 
	C557.967346,165.814514 561.952759,166.000015 566.385193,166.264221 
	C566.843140,178.493378 566.854126,190.643814 566.858337,203.242294 
z"/>
</svg>